data/COD0OPSFIN_20260380000_01D_01H_GIM.INX
     1.0            IONOSPHERE MAPS     GNSS                IONEX VERSION / TYPE
ADDNEQ2 V5.5        AIUB                11-FEB-26 19:02     PGM / RUN BY / DATE 
CODE'S GLOBAL IONOSPHERE MAPS FOR DAY 038, 2026             COMMENT             
Global ionosphere maps (GIM) are generated on a daily basis DESCRIPTION         
at CODE using data from about 300 GNSS sites of the IGS and DESCRIPTION         
other institutions. The vertical total electron content     DESCRIPTION         
(VTEC) is modeled in a solar-geomagnetic reference frame    DESCRIPTION         
using a spherical harmonics expansion up to degree and      DESCRIPTION         
order 15. Piece-wise linear functions are used for          DESCRIPTION         
representation in the time domain. The time spacing of      DESCRIPTION         
their vertices is 1 hour, conforming with the epochs of the DESCRIPTION         
VTEC maps.                                                  DESCRIPTION         
To convert line-of-sight TEC into vertical TEC, a modified  DESCRIPTION         
single-layer model mapping function approximating the JPL   DESCRIPTION         
extended slab model mapping function is adopted. The        DESCRIPTION         
mapping function is evaluated at geodetic satellite         DESCRIPTION         
elevation angles. For the computation of the ionospheric    DESCRIPTION         
pierce points, a spherical layer with a radius of 6821 km   DESCRIPTION         
is assumed, implying geocentric, not geodetic IONEX         DESCRIPTION         
latitudes.                                                  DESCRIPTION         
Instrumental biases with respect to each involved GNSS code DESCRIPTION         
observable are estimated as constant values for each        DESCRIPTION         
day. They are modeled with one set of bias parameters for   DESCRIPTION         
each satellite and each station in case of GPS and for each DESCRIPTION         
satellite-station link in case of GLONASS. The code bias    DESCRIPTION         
datum is defined by zero-mean conditions imposed on the     DESCRIPTION         
satellite bias estimates. In this file, just GPS C1W-C2W    DESCRIPTION         
satellite and station bias values are included. The         DESCRIPTION         
complete set of GNSS code bias results is provided in an    DESCRIPTION         
additional Bias-SINEX file as pseudo-absolute values        DESCRIPTION         
specific to each observable.                                DESCRIPTION         
Note: These GIM results correspond to the results for the   DESCRIPTION         
middle day of a 3-day combination analysis solving for 73   DESCRIPTION         
times 256, or 18688 VTEC parameters and 3 daily sets of     DESCRIPTION         
GNSS code bias parameters.                                  DESCRIPTION         
Contact address: code(at)aiub.unibe.ch                      DESCRIPTION         
Data archive:    ftp.aiub.unibe.ch/CODE/                    DESCRIPTION         
                 www.aiub.unibe.ch/download/CODE/           DESCRIPTION         
  2026     2     7     0     0     0                        EPOCH OF FIRST MAP  
  2026     2     8     0     0     0                        EPOCH OF LAST MAP   
  3600                                                      INTERVAL            
[...]
bako barh bjfs bndy boav bogo bogt bor1 braz brst brux bshm COMMENT             
cags cas1 ccj2 cedu chpg chpi chti chur ckis coco cord cpvg COMMENT             
cpxf cro1 daej darw dav1 dgar drao dubo ebre faa1 fair flin COMMENT             
flrs frdn func ganp glps gode gol2 gold gope gras graz guam COMMENT             
guug harb hers hert hlfx hnpt hob2 hofn holb holm iddr ieng COMMENT             
iisc impz ineg invk iqal irkj jog2 joz2 joze karr kerg kir0 COMMENT             
kiri kiru kit3 kouc koug kour krgg lama laut lmmf lpal lpgs COMMENT             
m0se mac1 madr mal2 mas1 mat1 mate maui maw1 mcil mcm4 mdo1 COMMENT             
medi mgue mizu mkea mnls mobs monp morp mqzg mro1 mtka nano COMMENT             
naur nico nist nium nklg nlib nnor not1 nrc1 nrmd ntus nya1 COMMENT             
nyal onsa ous2 parc park pdel penc pert pie1 pimo pohn pol2 COMMENT             
pots pove ptag ptbb ptvl qaq1 quin ramo rbay reso reun reyk COMMENT             
rgdg rio2 roth salu samo sant sch2 scor scrz sctb seyg sfer COMMENT             
smst sofi spt0 ssia sthl stjo stk2 str2 suth sutm suwn sydn COMMENT             
syog tash thtg thti thu2 tid1 tidb tlse tong tow2 tro1 tskb COMMENT             
tuva twtf txes uclu ufpr ulab unb3 unbj unsa urum usn7 usud COMMENT             
vald vill voim vtsp wab2 wark wgtn whit will wind wsrt wtzr COMMENT             
wtzs wtzz wuhn xmis yar2 yar3 yarr yell ykro zamb zeck zim2 COMMENT             
zim3 zimm                                                   COMMENT             
                                                            END OF HEADER       
[from data line 5577]
    14                                                      START OF TEC MAP    
  2026     2     7    13     0     0                        EPOCH OF CURRENT MAP
    87.5-180.0 180.0   5.0 450.0                            LAT/LON1/LON2/DLON/H
   96   97   97   97   98   98   99   99  100  100  101  101  102  102  102  103
  103  103  103  104  104  104  104  104  103  103  103  102  102  101  100  100
   99   98   97   96   95   94   93   92   91   91   90   89   89   89   88   88
   88   89   89   89   89   90   90   91   91   92   92   92   93   93   93   94
   94   94   94   95   95   95   96   96   96
    85.0-180.0 180.0   5.0 450.0                            LAT/LON1/LON2/DLON/H
   85   86   86   87   88   89   90   91   92   93   94   95   96   97   97   98
   99  100  101  102  102  103  104  104  104  105  105  104  104  103  102  100
   99   97   94   92   90   87   85   82   80   78   76   75   74   74   74   75
   75   76   78   79   81   83   84   86   87   88   89   89   89   89   89   89
   88   87   87   86   86   85   85   85   85
    82.5-180.0 180.0   5.0 450.0                            LAT/LON1/LON2/DLON/H
   67   67   68   69   70   72   74   75   77   79   80   81   83   84   85   86
   87   89   90   92   94   96   98  100  102  104  105  106  107  107  106  104
  102   99   96   92   88   83   79   74   70   67   64   62   61   61   61   63
   65   68   71   75   79   83   86   89   91   93   93   93   92   90   88   86
   83   80   77   74   72   70   68   67   67
    80.0-180.0 180.0   5.0 450.0                            LAT/LON1/LON2/DLON/H
   47   47   47   49   51   53   56   58   60   62   64   65   66   67   68   69
   70   72   74   77   81   84   89   93   98  102  106  110  112  113  114  113
  111  107  103   98   92   86   80   73   67   62   58   55   54   54   55   58
   63   68   74   80   87   93   98  103  106  107  107  105  102   98   92   86
   80   73   67   61   56   52   49   47   47
    77.5-180.0 180.0   5.0 450.0                            LAT/LON1/LON2/DLON/H
   30   30   31   33   36   39   42   44   47   49   50   51   52   52   52   53
   54   56   58   62   67   73   80   88   95  103  110  115  120  123  125  125
  124  121  116  111  104   97   89   81   74   68   63   59   58   58   60   65
   71   78   87   96  105  113  120  125  128  129  128  124  118  111  102   92
   81   71   62   53   45   39   35   32   30
    75.0-180.0 180.0   5.0 450.0                            LAT/LON1/LON2/DLON/H
   24   24   25   27   30   33   36   38   41   42   43   44   44   43   42   42
   42   44   47   52   58   66   76   86   97  107  116  124  130  135  138  139
  139  136  132  127  121  114  106   99   91   85   79   76   74   74   77   82
   89   98  108  118  128  137  145  150  153  153  150  144  136  125  113  101
   88   75   63   52   43   36   30   26   24
    72.5-180.0 180.0   5.0 450.0                            LAT/LON1/LON2/DLON/H
   33   32   32   33   35   38   40   42   43   44   44   44   43   42   40   39
   39   40   43   48   56   66   78   91  103  115  126  134  141  147  150  152
  152  151  148  145  140  135  129  122  116  110  105  102  100  100  103  108
  115  123  132  142  151  159  166  170  171  170  165  158  148  137  124  110
   97   84   72   61   52   45   39   35   33
    70.0-180.0 180.0   5.0 450.0                            LAT/LON1/LON2/DLON/H
   53   51   51   51   51   52   52   53   53   53   52   51   50   48   46   44
   43   43   46   52   61   73   87  101  114  126  137  145  151  155  158  160
  161  162  161  160  158  155  152  149  145  141  137  134  132  132  134  137
  142  147  154  160  167  172  175  177  176  173  168  160  151  140  129  117
  106   96   87   78   71   65   60   56   53
    67.5-180.0 180.0   5.0 450.0                            LAT/LON1/LON2/DLON/H
   80   77   75   74   72   71   69   68   66   64   62   61   59   58   56   53
   52   52   55   61   71   84   99  114  127  138  147  153  157  160  162  164
  167  169  171  172  174  174  175  174  173  172  170  167  165  164  164  164
  165  167  169  170  171  171  170  168  165  160  154  147  140  132  124  118
  112  107  103   99   95   92   88   84   80
    65.0-180.0 180.0   5.0 450.0                            LAT/LON1/LON2/DLON/H
  106  102   98   95   92   89   85   81   78   74   72   70   69   68   66   64
   62   61   64   70   81   95  111  127  140  149  154  157  159  160  163  166
  170  174  179  183  187  191  195  198  200  201  200  198  195  192  189  186
  183  179  175  170  164  157  151  144  139  133  127  122  117  114  111  111
  111  113  116  118  118  117  114  110  106
    62.5-180.0 180.0   5.0 450.0                            LAT/LON1/LON2/DLON/H
  121  116  111  107  103   99   95   90   85   80   77   75   74   74   73   71
   69   68   70   77   88  104  121  137  149  156  158  159  158  160  163  168
  175  182  188  194  200  206  212  218  223  225  225  223  219  214  208  201
  194  185  174  162  149  136  124  114  106   99   94   91   89   89   92   97
  104  113  121  128  133  134  131  127  121
    60.0-180.0 180.0   5.0 450.0                            LAT/LON1/LON2/DLON/H
  122  115  110  106  103  100   96   91   85   80   76   74   74   74   74   73
   71   69   71   78   91  108  127  143  154  159  160  158  158  160  166  175
  185  194  202  208  215  221  229  236  242  245  245  242  236  229  220  211
  200  186  170  152  134  115   99   86   76   69   65   63   63   66   71   80
   91  104  117  128  135  137  135  129  122
    57.5-180.0 180.0   5.0 450.0                            LAT/LON1/LON2/DLON/H
  108  100   95   92   92   91   89   86   81   75   71   69   69   71   72   71
   69   67   68   76   90  109  129  146  157  161  160  158  159  165  175  188
  201  212  220  226  231  238  245  253  259  263  262  257  249  239  228  216
  203  187  168  146  124  102   84   69   59   52   49   47   48   50   56   65
   77   91  106  118  125  127  124  116  108
    55.0-180.0 180.0   5.0 450.0                            LAT/LON1/LON2/DLON/H
   84   76   71   71   73   75   77   77   73   69   64   62   63   65   67   67
   65   63   64   72   87  108  130  148  159  163  162  162  166  175  190  208
  224  235  243  247  250  254  261  269  276  279  277  270  259  247  234  221
  207  190  170  147  123  101   82   67   58   52   49   47   47   48   51   57
   66   78   90  101  107  108  103   94   84
    52.5-180.0 180.0   5.0 450.0                            LAT/LON1/LON2/DLON/H
   60   51   47   48   52   58   64   67   67   64   61   58   59   61   63   64
   62   61   62   71   88  111  134  153  164  168  169  171  178  192  210  231
  248  260  265  267  267  270  276  284  291  294  291  282  269  255  241  228
  214  197  178  156  132  110   92   80   72   67   65   62   60   58   56   57
   61   68   76   83   88   87   81   71   60
    50.0-180.0 180.0   5.0 450.0                            LAT/LON1/LON2/DLON/H
   44   35   30   31   37   45   54   61   65   65   62   60   60   62   64   65
   64   63   66   76   95  118  142  162  174  179  181  186  196  212  233  254
  271  281  284  283  282  283  289  297  305  308  305  295  281  265  250  236
  223  207  189  168  146  126  109   98   92   89   87   85   81   76   71   66
   64   65   68   71   73   71   65   55   44
    47.5-180.0 180.0   5.0 450.0                            LAT/LON1/LON2/DLON/H
   42   33   27   27   31   40   51   61   68   71   71   69   68   69   71   71
   71   72   76   88  108  133  157  176  188  195  199  206  218  234  254  272
  287  295  297  295  293  294  300  309  318  322  319  309  293  276  260  246
  233  218  201  180  159  140  125  115  110  108  107  106  102   96   89   81
   74   69   67   67   68   66   61   52   42
    45.0-180.0 180.0   5.0 450.0                            LAT/LON1/LON2/DLON/H
   55   46   39   36   37   43   53   65   75   82   84   83   82   81   81   82
   82   85   92  106  128  152  175  193  205  214  222  231  242  256  271  285
  296  303  305  304  302  304  310  319  329  334  332  322  306  289  272  257
  243  228  210  189  167  147  132  122  117  116  116  115  113  109  103   95
   86   78   74   72   72   73   70   64   55
    42.5-180.0 180.0   5.0 450.0                            LAT/LON1/LON2/DLON/H
   80   71   62   55   52   53   60   72   84   94   99   99   97   95   94   94
   95   99  109  127  149  174  195  211  224  235  245  256  266  276  284  293
  302  309  313  314  315  317  322  330  339  344  343  334  320  302  285  269
  253  236  216  194  169  147  129  117  110  109  109  110  111  112  110  105
   98   90   84   82   84   87   88   86   80
    40.0-180.0 180.0   5.0 450.0                            LAT/LON1/LON2/DLON/H
  107  100   90   80   71   66   69   78   91  103  111  113  112  109  106  105
  106  112  126  146  170  194  213  227  240  253  267  280  288  293  296  300
  308  318  327  333  336  337  340  345  352  356  354  347  333  317  300  283
  265  246  224  198  170  143  121  105   96   93   92   94   98  103  107  108
  105   99   94   93   96  102  108  110  107
    37.5-180.0 180.0   5.0 450.0                            LAT/LON1/LON2/DLON/H
  128  124  114  102   89   79   77   82   94  107  117  121  121  118  115  112
  114  121  137  161  186  209  226  238  251  268  285  300  308  309  308  312
  323  339  355  366  370  369  368  368  369  370  368  361  349  334  318  301
  283  262  238  209  177  146  119   99   87   80   77   77   82   90   99  106
  107  105  101  101  105  113  122  127  128
    35.0-180.0 180.0   5.0 450.0                            LAT/LON1/LON2/DLON/H
  137  136  129  117  102   89   81   83   91  104  116  122  124  122  118  115
  117  125  144  169  196  218  233  243  257  276  298  316  324  325  326  334
  352  377  401  415  419  414  406  399  394  390  386  379  369  356  342  327
  310  290  265  234  200  165  135  112   97   86   79   74   75   81   91  102
  107  107  104  103  107  115  125  133  137
    32.5-180.0 180.0   5.0 450.0                            LAT/LON1/LON2/DLON/H
  132  135  132  123  110   95   84   80   85   96  108  116  120  120  117  115
  116  126  145  173  200  221  234  243  257  278  304  326  339  344  351  369
  398  433  462  479  479  469  454  439  428  419  412  404  395  386  375  363
  350  332  309  279  245  209  178  154  137  123  110   97   89   88   94  103
  108  108  104  102  103  109  118  126  132
    30.0-180.0 180.0   5.0 450.0                            LAT/LON1/LON2/DLON/H
  118  124  126  123  113  100   86   78   79   86   96  106  112  115  114  113
  115  125  145  173  201  221  232  239  252  276  306  333  352  366  385  416
  458  502  535  549  545  528  507  487  470  457  446  438  430  423  417  410
  402  389  371  344  312  279  249  227  211  196  176  153  131  118  114  116
  117  114  107  100   97   99  104  111  118
    27.5-180.0 180.0   5.0 450.0                            LAT/LON1/LON2/DLON/H
  103  111  117  120  116  105   91   80   75   77   85   95  103  109  111  113
  115  125  145  173  200  219  229  234  247  272  305  337  365  391  424  470
  525  574  607  616  606  584  560  537  518  502  489  479  473  469  467  466
  463  457  444  423  396  367  342  325  312  297  272  238  202  172  153  144
  137  128  116  105   96   92   92   96  103
    25.0-180.0 180.0   5.0 450.0                            LAT/LON1/LON2/DLON/H
   94  103  113  120  122  115  101   86   76   74   78   87   96  104  110  115
  119  129  148  175  201  220  227  232  244  268  303  340  377  417  466  526
  589  641  668  669  653  629  605  584  567  551  538  527  521  519  521  524
  528  528  520  505  483  459  440  429  422  409  382  340  290  244  210  186
  169  152  135  119  105   94   89   89   94
    22.5-180.0 180.0   5.0 450.0                            LAT/LON1/LON2/DLON/H
   99  107  119  129  134  129  116   99   85   78   78   84   93  102  111  120
  127  138  156  181  206  224  230  233  243  267  303  345  390  442  505  576
  643  690  709  702  680  657  639  625  613  600  588  577  571  570  574  581
  588  591  588  576  557  538  524  518  517  508  483  438  381  323  276  239
  211  187  165  144  126  111  101   97   99
    20.0-180.0 180.0   5.0 450.0                            LAT/LON1/LON2/DLON/H
  120  126  136  146  152  149  135  116   99   88   85   88   94  103  115  127
  138  151  169  192  216  232  238  240  248  271  307  352  405  467  539  615
  679  718  726  711  688  670  661  657  652  645  635  625  618  617  621  628
  636  640  636  625  607  589  576  573  576  573  554  513  456  395  340  294
  258  228  202  179  158  140  127  120  120
    17.5-180.0 180.0   5.0 450.0                            LAT/LON1/LON2/DLON/H
  153  157  163  171  175  170  156  135  115  103   97   97  100  107  119  135
  151  167  185  207  229  244  249  251  258  280  316  364  421  489  564  639
  697  725  724  704  683  672  674  680  683  681  674  666  659  656  658  663
  669  670  662  647  625  604  588  584  588  590  580  549  502  447  392  344
  303  269  241  218  198  179  164  156  153
    15.0-180.0 180.0   5.0 450.0                            LAT/LON1/LON2/DLON/H
  191  191  194  197  197  189  173  151  131  118  112  109  108  112  124  142
  163  182  202  224  245  259  264  266  273  294  331  380  440  509  582  649
  697  716  708  688  672  671  681  695  705  707  704  697  689  684  683  685
  686  681  668  645  616  586  563  552  553  559  559  544  514  472  426  381
  339  304  277  256  237  219  204  195  191
    12.5-180.0 180.0   5.0 450.0                            LAT/LON1/LON2/DLON/H
  225  222  220  218  213  202  183  161  141  131  126  122  117  117  127  147
  172  197  220  242  262  276  281  284  292  314  351  401  461  526  592  650
  687  699  690  674  667  674  690  707  718  723  722  716  708  701  697  695
  691  680  659  628  590  549  515  493  487  493  502  505  495  473  441  403
  364  329  304  285  269  253  239  230  225
    10.0-180.0 180.0   5.0 450.0                            LAT/LON1/LON2/DLON/H
  246  241  235  228  220  206  186  163  146  138  136  132  125  121  129  151
  180  210  236  260  280  293  299  303  313  337  376  426  482  541  597  644
  673  683  678  672  674  685  702  716  725  729  729  724  716  707  701  697
  690  675  648  610  563  512  464  429  414  417  432  449  460  457  441  412
  377  344  320  303  289  275  261  252  246
     7.5-180.0 180.0   5.0 450.0                            LAT/LON1/LON2/DLON/H
  251  244  236  227  217  202  181  159  143  139  140  138  130  124  130  153
  187  221  252  278  298  311  317  322  334  361  401  450  502  553  599  636
  661  673  678  683  693  706  718  724  726  727  726  721  713  704  697  694
  688  672  644  603  551  492  434  386  360  357  374  400  424  437  434  413
  382  350  326  310  297  283  269  258  251
     5.0-180.0 180.0   5.0 450.0                            LAT/LON1/LON2/DLON/H
  241  232  223  214  205  191  171  150  137  135  140  140  133  126  132  156
  192  232  267  295  316  328  333  340  355  384  425  472  518  560  597  628
  652  671  688  704  720  731  733  729  722  718  715  710  701  693  688  688
  687  676  652  613  562  502  437  381  345  335  348  375  404  425  428  412
  383  351  327  309  295  279  264  251  241
     2.5-180.0 180.0   5.0 450.0                            LAT/LON1/LON2/DLON/H
  222  212  202  195  188  178  161  142  130  129  136  139  134  128  135  160
  199  242  281  312  332  343  348  356  373  404  445  488  527  562  591  619
  647  675  702  728  746  751  742  727  711  702  697  691  682  675  674  681
  687  685  670  640  597  541  477  418  376  359  365  385  409  427  430  414
  385  352  325  305  288  269  251  235  222
