data/COD0OPSFIN_20260380000_01D_01H_GIM.INX
     1.0            IONOSPHERE MAPS     GNSS                IONEX VERSION / TYPE
ADDNEQ2 V5.5        AIUB                11-FEB-26 19:02     PGM / RUN BY / DATE 
CODE'S GLOBAL IONOSPHERE MAPS FOR DAY 038, 2026             COMMENT             
Global ionosphere maps (GIM) are generated on a daily basis DESCRIPTION         
at CODE using data from about 300 GNSS sites of the IGS and DESCRIPTION         
other institutions. The vertical total electron content     DESCRIPTION         
(VTEC) is modeled in a solar-geomagnetic reference frame    DESCRIPTION         
using a spherical harmonics expansion up to degree and      DESCRIPTION         
order 15. Piece-wise linear functions are used for          DESCRIPTION         
representation in the time domain. The time spacing of      DESCRIPTION         
their vertices is 1 hour, conforming with the epochs of the DESCRIPTION         
VTEC maps.                                                  DESCRIPTION         
To convert line-of-sight TEC into vertical TEC, a modified  DESCRIPTION         
single-layer model mapping function approximating the JPL   DESCRIPTION         
extended slab model mapping function is adopted. The        DESCRIPTION         
mapping function is evaluated at geodetic satellite         DESCRIPTION         
elevation angles. For the computation of the ionospheric    DESCRIPTION         
pierce points, a spherical layer with a radius of 6821 km   DESCRIPTION         
is assumed, implying geocentric, not geodetic IONEX         DESCRIPTION         
latitudes.                                                  DESCRIPTION         
Instrumental biases with respect to each involved GNSS code DESCRIPTION         
observable are estimated as constant values for each        DESCRIPTION         
day. They are modeled with one set of bias parameters for   DESCRIPTION         
each satellite and each station in case of GPS and for each DESCRIPTION         
satellite-station link in case of GLONASS. The code bias    DESCRIPTION         
datum is defined by zero-mean conditions imposed on the     DESCRIPTION         
satellite bias estimates. In this file, just GPS C1W-C2W    DESCRIPTION         
satellite and station bias values are included. The         DESCRIPTION         
complete set of GNSS code bias results is provided in an    DESCRIPTION         
additional Bias-SINEX file as pseudo-absolute values        DESCRIPTION         
specific to each observable.                                DESCRIPTION         
Note: These GIM results correspond to the results for the   DESCRIPTION         
middle day of a 3-day combination analysis solving for 73   DESCRIPTION         
times 256, or 18688 VTEC parameters and 3 daily sets of     DESCRIPTION         
GNSS code bias parameters.                                  DESCRIPTION         
Contact address: code(at)aiub.unibe.ch                      DESCRIPTION         
Data archive:    ftp.aiub.unibe.ch/CODE/                    DESCRIPTION         
                 www.aiub.unibe.ch/download/CODE/           DESCRIPTION         
  2026     2     7     0     0     0                        EPOCH OF FIRST MAP  
  2026     2     8     0     0     0                        EPOCH OF LAST MAP   
  3600                                                      INTERVAL            
[...]
bako barh bjfs bndy boav bogo bogt bor1 braz brst brux bshm COMMENT             
cags cas1 ccj2 cedu chpg chpi chti chur ckis coco cord cpvg COMMENT             
cpxf cro1 daej darw dav1 dgar drao dubo ebre faa1 fair flin COMMENT             
flrs frdn func ganp glps gode gol2 gold gope gras graz guam COMMENT             
guug harb hers hert hlfx hnpt hob2 hofn holb holm iddr ieng COMMENT             
iisc impz ineg invk iqal irkj jog2 joz2 joze karr kerg kir0 COMMENT             
kiri kiru kit3 kouc koug kour krgg lama laut lmmf lpal lpgs COMMENT             
m0se mac1 madr mal2 mas1 mat1 mate maui maw1 mcil mcm4 mdo1 COMMENT             
medi mgue mizu mkea mnls mobs monp morp mqzg mro1 mtka nano COMMENT             
naur nico nist nium nklg nlib nnor not1 nrc1 nrmd ntus nya1 COMMENT             
nyal onsa ous2 parc park pdel penc pert pie1 pimo pohn pol2 COMMENT             
pots pove ptag ptbb ptvl qaq1 quin ramo rbay reso reun reyk COMMENT             
rgdg rio2 roth salu samo sant sch2 scor scrz sctb seyg sfer COMMENT             
smst sofi spt0 ssia sthl stjo stk2 str2 suth sutm suwn sydn COMMENT             
syog tash thtg thti thu2 tid1 tidb tlse tong tow2 tro1 tskb COMMENT             
tuva twtf txes uclu ufpr ulab unb3 unbj unsa urum usn7 usud COMMENT             
vald vill voim vtsp wab2 wark wgtn whit will wind wsrt wtzr COMMENT             
wtzs wtzz wuhn xmis yar2 yar3 yarr yell ykro zamb zeck zim2 COMMENT             
zim3 zimm                                                   COMMENT             
                                                            END OF HEADER       
[from data line 858]
     3                                                      START OF TEC MAP    
  2026     2     7     2     0     0                        EPOCH OF CURRENT MAP
    87.5-180.0 180.0   5.0 450.0                            LAT/LON1/LON2/DLON/H
  117  118  119  120  121  122  122  123  124  124  125  125  126  126  126  126
  125  124  124  123  121  120  118  117  115  113  111  109  107  104  102  100
   98   97   95   93   92   90   89   88   87   86   86   85   85   85   85   85
   85   86   86   87   88   89   90   92   93   95   96   98   99  101  103  104
  106  107  109  110  112  113  114  115  117
    85.0-180.0 180.0   5.0 450.0                            LAT/LON1/LON2/DLON/H
  128  128  129  130  131  132  134  135  137  138  140  142  143  145  145  146
  146  145  144  142  139  136  132  128  124  119  114  110  105  100   96   92
   88   84   81   79   77   75   73   72   71   70   69   68   68   68   68   68
   69   70   71   72   74   77   79   82   86   89   93   97  101  105  108  112
  115  118  120  122  124  125  126  127  128
    82.5-180.0 180.0   5.0 450.0                            LAT/LON1/LON2/DLON/H
  142  140  139  138  137  137  138  139  142  145  148  151  155  158  161  163
  163  163  162  159  155  150  144  137  129  121  113  105   98   91   84   79
   74   70   67   65   63   62   61   60   60   59   59   59   58   58   57   57
   57   57   58   60   63   67   71   76   83   89   96  104  111  118  125  131
  136  140  143  145  146  146  145  144  142
    80.0-180.0 180.0   5.0 450.0                            LAT/LON1/LON2/DLON/H
  163  157  151  145  141  139  137  138  140  143  147  152  158  163  168  171
  174  174  173  170  164  157  149  139  128  117  107   96   86   78   71   65
   60   57   55   54   54   55   56   57   57   58   58   57   56   55   53   51
   50   49   49   50   53   58   64   72   82   93  105  117  129  141  152  162
  170  176  180  181  180  178  174  169  163
    77.5-180.0 180.0   5.0 450.0                            LAT/LON1/LON2/DLON/H
  191  179  168  157  148  141  136  134  134  136  140  146  152  158  164  169
  173  174  173  170  164  156  146  134  122  109   97   85   75   67   60   55
   52   50   50   51   53   55   58   61   63   64   64   63   61   58   54   50
   46   43   42   42   45   50   58   69   83   99  116  134  152  170  186  200
  212  220  225  226  224  219  211  202  191
    75.0-180.0 180.0   5.0 450.0                            LAT/LON1/LON2/DLON/H
  224  207  191  175  161  149  140  134  130  130  131  134  139  144  150  155
  159  162  162  159  154  146  136  124  112  100   88   77   69   61   56   53
   52   52   53   56   59   63   66   70   72   74   74   72   68   64   58   51
   45   40   37   36   39   45   55   68   85  105  128  151  175  198  220  238
  253  264  271  272  270  263  253  239  224
    72.5-180.0 180.0   5.0 450.0                            LAT/LON1/LON2/DLON/H
  257  238  218  198  180  165  151  141  133  127  124  122  123  125  128  132
  136  139  140  139  136  130  122  112  102   92   83   75   69   65   62   61
   62   63   65   67   70   73   76   79   82   83   82   80   75   69   61   53
   46   39   35   33   36   43   54   70   89  113  139  166  194  221  246  267
  285  298  307  310  308  301  289  275  257
    70.0-180.0 180.0   5.0 450.0                            LAT/LON1/LON2/DLON/H
  284  265  245  224  205  187  171  156  144  133  123  115  109  105  104  106
  108  112  114  115  114  111  106  100   93   87   82   79   76   76   76   77
   78   78   79   80   81   82   83   85   86   86   85   82   78   71   63   55
   47   40   36   35   38   46   58   74   95  120  147  176  205  234  259  282
  301  315  325  329  329  324  315  301  284
    67.5-180.0 180.0   5.0 450.0                            LAT/LON1/LON2/DLON/H
  301  285  267  248  230  212  195  179  163  147  130  115  101   90   84   81
   82   85   89   93   95   95   93   91   88   86   85   86   87   89   92   93
   94   93   92   89   87   85   84   84   83   83   82   79   75   69   62   55
   48   43   40   41   45   53   66   83  103  127  153  181  209  235  259  281
  298  312  322  328  331  329  324  315  301
    65.0-180.0 180.0   5.0 450.0                            LAT/LON1/LON2/DLON/H
  307  296  282  267  251  236  221  205  187  167  145  123  101   84   72   65
   64   67   72   77   81   83   84   85   85   87   89   92   96  100  103  104
  104  101   97   91   86   81   78   76   75   74   73   71   67   63   58   53
   49   47   47   50   56   65   77   93  112  133  157  181  206  228  249  266
  280  292  301  309  315  318  318  315  307
    62.5-180.0 180.0   5.0 450.0                            LAT/LON1/LON2/DLON/H
  306  300  290  278  266  254  242  229  212  191  166  138  111   88   71   61
   58   60   65   70   74   77   79   81   83   86   90   94   98  102  104  105
  103   99   92   85   77   71   66   64   63   62   62   60   58   55   52   50
   49   50   54   59   67   78   90  104  120  139  159  179  199  218  233  246
  256  264  272  280  289  298  304  307  306
    60.0-180.0 180.0   5.0 450.0                            LAT/LON1/LON2/DLON/H
  303  301  295  285  276  267  258  248  233  213  187  158  127  101   81   69
   64   65   68   71   73   75   76   77   80   83   86   90   92   94   94   94
   91   86   80   73   65   59   55   54   53   53   53   52   51   49   48   48
   49   53   59   68   77   89  101  114  128  143  160  178  195  210  221  229
  234  239  245  254  265  279  291  300  303
    57.5-180.0 180.0   5.0 450.0                            LAT/LON1/LON2/DLON/H
  307  307  301  292  282  274  267  260  249  231  207  178  147  120   99   86
   79   77   76   76   74   73   72   72   74   77   79   80   79   78   76   74
   72   69   65   60   54   51   49   49   50   51   50   49   47   46   45   46
   49   55   63   73   84   97  109  122  135  148  164  180  196  209  217  222
  224  225  230  239  253  270  287  300  307
    55.0-180.0 180.0   5.0 450.0                            LAT/LON1/LON2/DLON/H
  322  322  315  303  291  281  274  268  258  243  222  195  167  141  121  107
   98   92   86   81   75   69   66   66   67   69   70   69   65   60   56   54
   53   53   52   51   50   49   50   52   54   55   54   52   49   47   46   47
   50   56   64   75   88  102  116  129  141  155  171  188  204  218  226  229
  229  228  231  241  256  276  297  313  322
    52.5-180.0 180.0   5.0 450.0                            LAT/LON1/LON2/DLON/H
  347  347  338  323  306  292  282  274  265  251  232  208  183  160  141  127
  115  105   94   83   73   64   60   59   61   64   65   61   55   47   42   39
   40   44   48   51   53   56   59   62   65   66   64   61   56   53   51   51
   53   57   65   76   90  106  122  137  151  166  183  202  220  236  245  248
  247  245  247  257  274  297  319  337  347
    50.0-180.0 180.0   5.0 450.0                            LAT/LON1/LON2/DLON/H
  377  377  367  349  329  310  295  283  271  256  238  217  195  175  158  143
  129  114   99   84   70   61   56   56   60   65   66   62   54   44   37   35
   38   45   53   60   65   69   73   77   80   80   77   72   67   62   60   58
   58   61   67   78   94  112  131  149  165  182  200  221  242  259  270  273
  272  269  272  282  300  323  347  366  377
    47.5-180.0 180.0   5.0 450.0                            LAT/LON1/LON2/DLON/H
  403  405  396  378  356  333  313  295  279  261  242  223  204  186  170  154
  138  120  102   86   72   63   59   61   67   72   74   71   62   51   43   42
   47   57   67   75   81   84   88   91   94   94   90   84   79   75   72   69
   68   68   72   83  101  123  145  166  184  202  222  244  265  284  295  298
  296  293  295  304  322  346  370  391  403
    45.0-180.0 180.0   5.0 450.0                            LAT/LON1/LON2/DLON/H
  416  422  417  403  382  358  334  311  289  267  246  227  209  194  178  162
  144  126  109   94   82   75   72   74   80   86   88   85   77   66   58   56
   62   73   84   92   96   98   99  102  104  103  100   95   91   88   86   84
   80   78   82   93  113  139  165  187  207  225  244  265  286  304  314  317
  313  309  309  318  335  357  381  402  416
    42.5-180.0 180.0   5.0 450.0                            LAT/LON1/LON2/DLON/H
  412  423  425  418  401  379  354  327  301  275  251  230  213  199  184  168
  151  135  121  111  103   98   95   95   98  101  103  100   92   82   75   73
   79   89   99  105  107  106  105  106  108  108  107  104  103  102  102   99
   95   92   95  107  130  158  187  211  230  247  264  282  301  317  326  327
  322  316  315  321  335  354  375  396  412
    40.0-180.0 180.0   5.0 450.0                            LAT/LON1/LON2/DLON/H
  394  409  418  418  409  391  368  340  311  282  255  233  217  203  189  174
  159  147  140  136  133  128  123  118  115  113  112  109  102   94   87   86
   91   99  108  113  112  109  107  107  109  111  112  112  113  115  116  115
  110  106  109  123  148  179  208  232  250  264  278  293  309  323  331  332
  326  319  314  317  327  342  359  377  394
    37.5-180.0 180.0   5.0 450.0                            LAT/LON1/LON2/DLON/H
  374  389  403  409  406  394  374  348  319  288  260  237  220  206  193  179
  168  161  161  163  163  157  147  136  126  118  113  108  103   98   93   92
   96  104  111  115  113  109  106  106  109  113  116  119  122  126  128  127
  122  119  122  138  164  195  224  247  262  273  284  296  311  325  335  338
  333  325  319  318  323  332  345  358  374
    35.0-180.0 180.0   5.0 450.0                            LAT/LON1/LON2/DLON/H
  365  378  390  398  399  390  374  352  325  295  265  241  223  208  195  183
  174  173  177  182  182  174  160  143  127  114  105  100   97   95   94   95
   98  105  111  115  114  111  108  108  112  116  121  125  129  133  135  133
  129  126  131  148  175  206  233  253  265  275  284  296  311  329  344  352
  352  346  338  334  335  340  346  354  365
    32.5-180.0 180.0   5.0 450.0                            LAT/LON1/LON2/DLON/H
  383  388  395  399  397  389  375  356  332  303  274  248  227  210  195  182
  175  175  181  185  181  170  153  135  119  105   95   91   90   93   95   98
  102  108  114  118  119  117  115  115  118  123  127  131  133  135  136  133
  129  127  135  153  180  209  233  251  262  271  281  296  316  340  364  382
  389  387  380  375  374  376  378  379  383
    30.0-180.0 180.0   5.0 450.0                            LAT/LON1/LON2/DLON/H
  435  431  427  421  412  400  385  368  346  320  290  260  235  213  194  179
  169  167  167  165  156  143  129  118  108  100   92   89   92   99  106  111
  115  120  125  129  131  130  128  127  129  131  133  133  133  131  129  125
  122  123  133  153  180  208  229  245  256  267  282  303  330  364  400  429
  446  450  446  443  442  444  443  440  435
    27.5-180.0 180.0   5.0 450.0                            LAT/LON1/LON2/DLON/H
  521  507  490  472  452  431  412  395  375  349  317  284  251  223  197  175
  160  150  141  128  112   99   95   99  106  108  106  106  111  122  132  139
  142  143  146  148  150  148  145  142  139  137  135  132  127  121  116  112
  110  115  128  151  179  205  226  241  255  271  293  321  358  402  449  489
  516  527  529  529  533  538  539  533  521
    25.0-180.0 180.0   5.0 450.0                            LAT/LON1/LON2/DLON/H
  628  605  578  549  517  487  462  442  422  396  362  322  282  244  209  179
  154  133  111   86   64   55   67   94  122  139  144  145  151  164  176  183
  182  179  176  174  172  168  161  153  146  139  132  124  115  106   99   95
   97  106  124  150  179  206  228  246  265  288  317  354  400  453  508  556
  589  607  614  621  632  643  648  643  628
    22.5-180.0 180.0   5.0 450.0                            LAT/LON1/LON2/DLON/H
  734  708  676  640  601  563  532  509  488  462  425  379  329  282  239  200
  164  130   94   58   33   32   63  115  166  196  205  205  210  222  234  238
  232  221  210  201  193  184  172  159  146  134  123  111   99   88   81   79
   85   99  122  152  185  215  240  263  288  319  356  401  452  510  567  617
  653  674  687  701  719  738  750  749  734
    20.0-180.0 180.0   5.0 450.0                            LAT/LON1/LON2/DLON/H
  817  794  764  729  689  649  614  589  568  542  503  452  396  342  291  244
  200  156  110   67   42   50   99  172  238  276  283  278  277  285  294  294
  281  262  241  223  207  191  174  155  138  122  109   95   82   70   65   67
   78   97  125  160  197  231  262  291  323  361  406  455  510  566  620  664
  696  717  734  754  780  806  825  828  817
    17.5-180.0 180.0   5.0 450.0                            LAT/LON1/LON2/DLON/H
  860  845  825  799  767  730  697  672  652  628  590  537  479  421  367  316
  268  219  170  126  105  122  181  262  332  365  363  348  339  342  346  340
  320  292  262  235  211  189  167  145  124  107   93   80   67   57   55   61
   77  101  133  172  213  254  291  326  365  409  458  510  563  614  657  690
  713  730  749  774  805  835  858  866  860
    15.0-180.0 180.0   5.0 450.0                            LAT/LON1/LON2/DLON/H
  859  854  848  839  821  795  767  746  729  709  674  625  568  513  461  412
  365  319  274  237  222  244  302  375  431  446  427  399  381  378  377  366
  340  305  269  235  206  179  154  131  110   93   80   69   58   51   51   61
   81  108  144  186  232  278  321  362  405  452  503  555  605  647  676  693
  704  715  734  761  794  826  849  859  859
    12.5-180.0 180.0   5.0 450.0                            LAT/LON1/LON2/DLON/H
  820  824  834  845  846  834  816  800  789  774  746  704  654  606  562  520
  480  443  410  386  379  398  441  489  514  501  461  419  394  387  383  368
  339  301  262  226  194  166  141  118   99   85   74   65   57   52   55   67
   88  118  155  199  248  298  346  391  436  483  533  584  629  661  675  677
  675  681  700  728  760  789  808  817  820
    10.0-180.0 180.0   5.0 450.0                            LAT/LON1/LON2/DLON/H
  763  774  797  825  845  848  839  830  824  817  796  763  724  687  653  622
  592  568  553  544  544  553  569  578  563  517  455  404  377  370  365  349
  319  282  245  211  181  155  132  112   96   84   76   70   64   60   63   76
   97  127  165  210  260  311  361  407  451  496  543  591  632  656  660  649
  639  642  661  690  719  742  755  760  763
     7.5-180.0 180.0   5.0 450.0                            LAT/LON1/LON2/DLON/H
  712  725  755  795  829  843  842  838  837  834  820  796  768  743  721  698
  679  668  670  677  680  675  657  622  564  489  414  362  339  335  332  317
  290  257  226  197  172  150  131  115  102   92   86   80   75   71   74   85
  106  135  172  216  265  315  364  408  449  490  533  578  616  637  635  619
  606  610  632  662  688  705  711  711  712
     5.0-180.0 180.0   5.0 450.0                            LAT/LON1/LON2/DLON/H
  689  699  729  772  811  831  834  831  831  831  821  802  782  766  752  735
  721  719  733  751  756  733  683  608  518  426  351  306  294  298  298  284
  260  234  210  188  169  153  138  125  114  105  100   94   88   83   84   92
  111  140  177  219  265  311  355  396  433  469  508  550  587  609  608  594
  585  595  622  654  679  692  694  691  689
     2.5-180.0 180.0   5.0 450.0                            LAT/LON1/LON2/DLON/H
  704  710  733  770  805  823  824  819  818  816  806  788  771  758  745  727
  710  708  727  749  751  714  640  541  438  347  285  258  260  270  273  261
  240  218  201  186  173  161  149  138  128  120  113  106   99   93   91   97
  115  143  179  220  261  301  340  376  409  441  476  515  553  578  584  579
  580  600  633  668  693  706  710  708  704
