data/COD0OPSFIN_20260380000_01D_01H_GIM.INX
     1.0            IONOSPHERE MAPS     GNSS                IONEX VERSION / TYPE
ADDNEQ2 V5.5        AIUB                11-FEB-26 19:02     PGM / RUN BY / DATE 
CODE'S GLOBAL IONOSPHERE MAPS FOR DAY 038, 2026             COMMENT             
Global ionosphere maps (GIM) are generated on a daily basis DESCRIPTION         
at CODE using data from about 300 GNSS sites of the IGS and DESCRIPTION         
other institutions. The vertical total electron content     DESCRIPTION         
(VTEC) is modeled in a solar-geomagnetic reference frame    DESCRIPTION         
using a spherical harmonics expansion up to degree and      DESCRIPTION         
order 15. Piece-wise linear functions are used for          DESCRIPTION         
representation in the time domain. The time spacing of      DESCRIPTION         
their vertices is 1 hour, conforming with the epochs of the DESCRIPTION         
VTEC maps.                                                  DESCRIPTION         
To convert line-of-sight TEC into vertical TEC, a modified  DESCRIPTION         
single-layer model mapping function approximating the JPL   DESCRIPTION         
extended slab model mapping function is adopted. The        DESCRIPTION         
mapping function is evaluated at geodetic satellite         DESCRIPTION         
elevation angles. For the computation of the ionospheric    DESCRIPTION         
pierce points, a spherical layer with a radius of 6821 km   DESCRIPTION         
is assumed, implying geocentric, not geodetic IONEX         DESCRIPTION         
latitudes.                                                  DESCRIPTION         
Instrumental biases with respect to each involved GNSS code DESCRIPTION         
observable are estimated as constant values for each        DESCRIPTION         
day. They are modeled with one set of bias parameters for   DESCRIPTION         
each satellite and each station in case of GPS and for each DESCRIPTION         
satellite-station link in case of GLONASS. The code bias    DESCRIPTION         
datum is defined by zero-mean conditions imposed on the     DESCRIPTION         
satellite bias estimates. In this file, just GPS C1W-C2W    DESCRIPTION         
satellite and station bias values are included. The         DESCRIPTION         
complete set of GNSS code bias results is provided in an    DESCRIPTION         
additional Bias-SINEX file as pseudo-absolute values        DESCRIPTION         
specific to each observable.                                DESCRIPTION         
Note: These GIM results correspond to the results for the   DESCRIPTION         
middle day of a 3-day combination analysis solving for 73   DESCRIPTION         
times 256, or 18688 VTEC parameters and 3 daily sets of     DESCRIPTION         
GNSS code bias parameters.                                  DESCRIPTION         
Contact address: code(at)aiub.unibe.ch                      DESCRIPTION         
Data archive:    ftp.aiub.unibe.ch/CODE/                    DESCRIPTION         
                 www.aiub.unibe.ch/download/CODE/           DESCRIPTION         
  2026     2     7     0     0     0                        EPOCH OF FIRST MAP  
  2026     2     8     0     0     0                        EPOCH OF LAST MAP   
  3600                                                      INTERVAL            
[...]
bako barh bjfs bndy boav bogo bogt bor1 braz brst brux bshm COMMENT             
cags cas1 ccj2 cedu chpg chpi chti chur ckis coco cord cpvg COMMENT             
cpxf cro1 daej darw dav1 dgar drao dubo ebre faa1 fair flin COMMENT             
flrs frdn func ganp glps gode gol2 gold gope gras graz guam COMMENT             
guug harb hers hert hlfx hnpt hob2 hofn holb holm iddr ieng COMMENT             
iisc impz ineg invk iqal irkj jog2 joz2 joze karr kerg kir0 COMMENT             
kiri kiru kit3 kouc koug kour krgg lama laut lmmf lpal lpgs COMMENT             
m0se mac1 madr mal2 mas1 mat1 mate maui maw1 mcil mcm4 mdo1 COMMENT             
medi mgue mizu mkea mnls mobs monp morp mqzg mro1 mtka nano COMMENT             
naur nico nist nium nklg nlib nnor not1 nrc1 nrmd ntus nya1 COMMENT             
nyal onsa ous2 parc park pdel penc pert pie1 pimo pohn pol2 COMMENT             
pots pove ptag ptbb ptvl qaq1 quin ramo rbay reso reun reyk COMMENT             
rgdg rio2 roth salu samo sant sch2 scor scrz sctb seyg sfer COMMENT             
smst sofi spt0 ssia sthl stjo stk2 str2 suth sutm suwn sydn COMMENT             
syog tash thtg thti thu2 tid1 tidb tlse tong tow2 tro1 tskb COMMENT             
tuva twtf txes uclu ufpr ulab unb3 unbj unsa urum usn7 usud COMMENT             
vald vill voim vtsp wab2 wark wgtn whit will wind wsrt wtzr COMMENT             
wtzs wtzz wuhn xmis yar2 yar3 yarr yell ykro zamb zeck zim2 COMMENT             
zim3 zimm                                                   COMMENT             
                                                            END OF HEADER       
[from data line 8580]
    21                                                      START OF TEC MAP    
  2026     2     7    20     0     0                        EPOCH OF CURRENT MAP
    87.5-180.0 180.0   5.0 450.0                            LAT/LON1/LON2/DLON/H
  113  112  112  112  111  111  111  111  111  111  111  112  112  112  113  113
  114  114  115  116  116  117  118  118  119  120  121  121  122  123  123  124
  125  125  126  126  126  127  127  127  127  127  127  127  127  127  127  127
  126  126  126  125  125  124  124  123  123  122  121  121  120  119  119  118
  118  117  116  116  115  114  114  113  113
    85.0-180.0 180.0   5.0 450.0                            LAT/LON1/LON2/DLON/H
  104  103  102  101  101  100  100  100  100  100  101  102  102  103  104  105
  106  107  108  110  111  112  113  114  116  117  119  120  122  123  124  126
  127  128  129  130  131  132  132  133  133  133  133  133  132  132  131  131
  130  129  128  127  126  125  124  123  123  122  121  120  119  118  117  116
  115  114  113  111  110  108  107  106  104
    82.5-180.0 180.0   5.0 450.0                            LAT/LON1/LON2/DLON/H
   97   94   92   90   89   88   88   88   89   90   91   92   94   95   97   98
   99  101  102  103  104  105  107  108  110  112  114  116  118  121  123  125
  127  129  131  132  134  135  136  136  137  137  137  137  136  136  135  133
  132  131  129  127  126  124  122  121  120  119  118  117  116  116  115  114
  113  112  111  109  107  104  102   99   97
    80.0-180.0 180.0   5.0 450.0                            LAT/LON1/LON2/DLON/H
   91   87   84   81   79   78   77   78   79   81   84   86   89   91   93   95
   96   96   97   97   98   98   99  100  102  104  107  110  113  116  119  122
  125  128  131  133  134  136  137  138  139  139  140  140  139  138  137  135
  133  131  128  125  122  119  117  115  113  112  111  111  112  112  113  113
  113  112  111  109  106  103   99   95   91
    77.5-180.0 180.0   5.0 450.0                            LAT/LON1/LON2/DLON/H
   89   84   79   75   72   71   71   72   75   78   82   86   90   93   96   97
   97   97   96   95   94   93   93   93   94   96   99  102  105  109  113  117
  121  124  127  130  132  134  136  137  138  139  140  140  141  140  139  137
  134  131  126  122  117  112  108  104  102  100  100  101  103  106  108  111
  113  113  113  112  109  105  100   95   89
    75.0-180.0 180.0   5.0 450.0                            LAT/LON1/LON2/DLON/H
   92   85   80   75   71   70   70   72   76   81   87   93   99  103  106  107
  107  105  102   99   96   92   90   89   89   90   91   94   98  101  105  109
  113  117  120  123  125  128  130  132  133  135  137  138  139  139  139  137
  134  129  124  117  109  102   95   90   86   84   85   87   91   96  101  107
  111  114  115  115  113  109  104   98   92
    72.5-180.0 180.0   5.0 450.0                            LAT/LON1/LON2/DLON/H
   98   92   86   81   78   76   77   80   85   92  100  108  116  122  126  127
  126  123  119  113  107  101   96   92   89   88   88   89   91   93   96   99
  102  105  108  111  114  116  119  121  124  126  129  131  133  135  135  134
  131  126  118  110  100   90   80   73   67   65   66   70   76   83   91   99
  106  112  115  117  116  114  110  104   98
    70.0-180.0 180.0   5.0 450.0                            LAT/LON1/LON2/DLON/H
  107  103   98   94   91   90   91   95  101  109  119  130  139  148  153  156
  156  152  146  138  130  121  113  105   99   94   90   88   86   85   85   86
   88   90   93   95   98  101  103  106  109  112  115  119  122  125  126  126
  124  118  110  100   88   76   64   54   48   45   46   51   59   68   79   89
   98  105  110  114  115  115  113  111  107
    67.5-180.0 180.0   5.0 450.0                            LAT/LON1/LON2/DLON/H
  114  114  113  111  110  110  112  116  123  132  143  156  168  179  188  193
  194  191  185  176  165  154  142  130  119  109  100   92   85   80   76   74
   73   74   75   77   80   83   85   88   91   94   98  102  106  109  112  113
  111  106   98   87   74   61   48   37   30   27   29   34   43   54   65   76
   85   93   99  104  107  110  112  114  114
    65.0-180.0 180.0   5.0 450.0                            LAT/LON1/LON2/DLON/H
  118  123  128  131  133  134  137  142  149  159  171  185  200  213  225  234
  238  238  233  224  212  197  182  165  149  133  117  102   89   78   69   63
   60   59   59   61   63   65   68   71   73   76   79   82   85   89   92   94
   93   89   83   72   60   46   34   23   17   14   17   23   32   42   52   62
   70   77   82   87   92   98  104  111  118
    62.5-180.0 180.0   5.0 450.0                            LAT/LON1/LON2/DLON/H
  116  129  140  149  155  161  166  172  179  189  202  216  232  248  264  277
  285  288  285  277  264  247  228  208  186  163  141  119   99   82   69   59
   53   49   49   49   51   53   56   57   59   60   61   63   65   67   70   72
   72   70   65   57   46   35   24   15   10   10   13   19   27   36   44   50
   54   58   61   65   71   79   90  103  116
    60.0-180.0 180.0   5.0 450.0                            LAT/LON1/LON2/DLON/H
  109  129  148  164  177  187  195  204  212  222  234  248  264  282  300  317
  330  336  336  329  316  298  276  252  226  198  170  142  117   95   78   64
   55   50   47   47   48   49   51   52   52   51   50   49   48   48   50   51
   52   52   49   43   36   27   19   14   12   13   18   24   30   36   40   42
   42   41   40   42   47   57   71   89  109
    57.5-180.0 180.0   5.0 450.0                            LAT/LON1/LON2/DLON/H
   99  125  151  175  195  211  225  237  248  258  268  280  295  313  333  352
  368  378  380  374  361  342  319  293  264  233  202  170  142  117   96   81
   69   62   57   55   55   55   56   55   54   51   47   42   38   36   35   36
   37   38   37   35   30   25   21   20   21   25   30   36   40   42   42   39
   34   28   24   22   26   36   52   74   99
    55.0-180.0 180.0   5.0 450.0                            LAT/LON1/LON2/DLON/H
   89  120  152  182  210  234  254  271  285  296  305  314  325  341  360  380
  398  410  413  407  394  376  354  328  299  267  234  202  172  146  124  107
   94   84   77   73   71   70   69   68   64   59   53   45   38   33   30   29
   30   32   33   33   32   30   29   31   36   42   48   53   55   53   49   41
   32   23   15   12   14   22   38   61   89
    52.5-180.0 180.0   5.0 450.0                            LAT/LON1/LON2/DLON/H
   83  116  152  188  223  254  282  305  323  335  343  348  355  367  383  402
  419  430  433  428  416  399  378  354  327  297  266  235  206  180  158  139
  124  112  103   96   92   90   89   86   82   75   67   57   48   40   35   32
   33   36   38   39   40   40   42   47   53   61   67   71   71   66   58   48
   37   25   16   11   12   19   34   55   83
    50.0-180.0 180.0   5.0 450.0                            LAT/LON1/LON2/DLON/H
   85  118  155  195  235  273  307  337  359  374  381  382  384  390  402  417
  432  442  443  438  427  412  394  373  349  322  294  265  238  213  191  171
  154  139  128  119  114  111  109  107  102   95   86   76   65   56   49   46
   46   48   51   53   54   55   57   63   70   78   84   87   85   78   69   57
   46   35   27   22   22   28   40   59   85
    47.5-180.0 180.0   5.0 450.0                            LAT/LON1/LON2/DLON/H
   96  126  162  203  246  288  328  363  390  408  415  414  411  412  419  430
  441  448  448  442  433  421  406  388  367  342  316  290  264  240  218  196
  177  160  147  137  132  129  128  125  121  114  106   97   87   78   70   66
   66   67   69   70   70   70   72   77   84   92   97   98   94   87   77   67
   57   49   43   40   42   47   58   74   96
    45.0-180.0 180.0   5.0 450.0                            LAT/LON1/LON2/DLON/H
  115  141  175  215  258  301  343  382  413  433  442  440  435  432  434  441
  448  452  452  447  440  431  418  401  380  356  331  306  282  257  233  209
  188  170  156  147  143  141  140  139  135  130  124  117  109  101   94   89
   87   87   88   88   86   84   84   87   93   99  103  103   98   91   83   75
   68   63   60   61   66   73   83   96  115
    42.5-180.0 180.0   5.0 450.0                            LAT/LON1/LON2/DLON/H
  139  162  193  230  270  311  352  391  424  448  459  459  453  448  448  452
  456  460  460  458  454  446  434  415  391  365  339  313  288  262  235  210
  187  169  156  149  146  147  147  146  144  141  138  134  130  123  116  110
  107  105  104  101   97   93   91   92   95  100  103  102   98   91   86   81
   77   75   76   80   88   99  111  123  139
    40.0-180.0 180.0   5.0 450.0                            LAT/LON1/LON2/DLON/H
  166  187  214  247  282  318  354  390  423  450  465  469  465  461  460  463
  467  470  473  475  474  467  452  429  399  368  339  312  285  257  228  201
  178  161  151  147  147  148  150  150  149  148  148  148  146  141  134  126
  120  116  112  108  102   97   93   92   94   97   99   97   93   89   86   84
   83   83   86   93  106  121  137  151  166
    37.5-180.0 180.0   5.0 450.0                            LAT/LON1/LON2/DLON/H
  192  211  236  265  294  323  351  382  414  441  461  470  471  470  471  474
  478  484  490  496  498  492  472  441  403  367  335  306  279  249  218  191
  170  157  150  148  149  151  152  153  152  153  155  158  158  155  147  137
  127  119  113  107  101   96   91   89   90   91   93   91   88   85   84   85
   86   87   90   99  116  137  157  175  192
    35.0-180.0 180.0   5.0 450.0                            LAT/LON1/LON2/DLON/H
  215  235  258  283  306  327  347  371  400  428  452  466  473  476  479  483
  488  496  506  517  522  513  489  449  405  364  331  304  277  247  216  191
  173  164  160  159  159  159  158  158  157  159  162  167  168  164  154  142
  128  117  108  101   97   93   89   87   86   87   88   87   85   83   84   86
   87   87   89   98  118  144  171  195  215
    32.5-180.0 180.0   5.0 450.0                            LAT/LON1/LON2/DLON/H
  233  255  278  300  319  333  346  364  389  417  443  463  475  481  485  489
  495  505  518  531  537  527  497  453  405  364  335  311  287  260  231  209
  196  191  189  185  180  175  171  169  168  169  172  175  176  170  159  144
  127  112  101   95   92   91   89   87   85   85   86   86   84   84   85   88
   89   86   86   94  115  146  180  209  233
    30.0-180.0 180.0   5.0 450.0                            LAT/LON1/LON2/DLON/H
  249  273  297  318  334  344  353  366  388  415  443  466  481  489  493  496
  500  509  522  536  541  529  497  453  408  374  352  336  318  294  268  250
  242  240  237  228  214  201  192  187  184  184  184  184  182  174  162  145
  127  111   98   92   92   94   94   92   90   89   89   89   88   88   90   92
   92   87   84   90  111  146  185  220  249
    27.5-180.0 180.0   5.0 450.0                            LAT/LON1/LON2/DLON/H
  262  289  314  336  353  363  371  382  402  429  457  481  497  505  507  505
  505  510  520  531  533  520  491  453  419  397  387  382  370  350  328  314
  309  308  301  283  258  235  220  212  208  204  200  194  187  177  165  149
  132  116  103   98   99  104  105  103   98   96   96   97   96   96   97   98
   97   91   85   90  111  148  190  230  262
    25.0-180.0 180.0   5.0 450.0                            LAT/LON1/LON2/DLON/H
  275  305  332  356  375  389  400  414  435  461  489  512  527  533  530  523
  516  515  518  522  519  506  484  460  443  439  443  447  441  424  404  392
  389  387  373  344  307  273  252  242  236  228  216  203  190  178  168  157
  143  129  117  112  115  121  122  117  110  106  106  108  108  106  106  106
  104   98   92   95  116  154  198  240  275
    22.5-180.0 180.0   5.0 450.0                            LAT/LON1/LON2/DLON/H
  289  321  351  378  402  422  439  459  482  509  536  559  573  576  568  555
  541  531  525  519  511  499  487  481  485  498  515  525  522  506  486  473
  469  463  443  403  353  311  286  274  266  253  233  211  191  179  172  167
  160  150  140  135  138  142  141  133  122  117  117  120  121  119  117  115
  113  107  103  107  128  165  210  253  289
    20.0-180.0 180.0   5.0 450.0                            LAT/LON1/LON2/DLON/H
  305  339  370  401  431  458  485  512  540  569  596  618  632  633  623  605
  585  567  550  533  518  507  508  521  544  572  596  607  602  583  561  545
  538  527  499  450  393  345  318  307  297  278  249  217  192  179  178  181
  181  176  168  163  164  165  160  147  133  126  127  132  133  131  127  124
  122  118  116  124  146  182  225  267  305
    17.5-180.0 180.0   5.0 450.0                            LAT/LON1/LON2/DLON/H
  322  357  390  424  459  495  531  566  600  631  660  683  698  701  692  674
  651  626  600  572  549  540  550  579  617  652  675  680  669  645  618  598
  585  568  535  482  422  374  348  338  327  302  265  225  195  183  186  197
  204  203  197  191  188  185  175  157  140  131  134  140  144  142  137  132
  129  128  130  142  166  201  243  284  322
    15.0-180.0 180.0   5.0 450.0                            LAT/LON1/LON2/DLON/H
  339  375  410  447  486  528  572  615  654  688  718  744  763  772  769  755
  733  707  674  638  608  598  614  651  695  727  741  735  714  684  652  626
  607  586  551  499  441  397  375  367  355  325  281  236  204  193  200  215
  226  228  222  214  208  199  184  163  144  135  137  146  152  151  145  139
  135  136  143  159  186  222  261  301  339
    12.5-180.0 180.0   5.0 450.0                            LAT/LON1/LON2/DLON/H
  354  391  428  467  509  556  605  652  694  730  763  792  818  836  843  838
  823  800  766  725  689  675  691  728  766  787  784  764  734  699  664  633
  609  584  551  504  453  416  399  393  380  348  301  254  222  213  221  235
  246  247  241  231  220  207  188  165  145  136  140  149  156  156  151  144
  139  141  153  174  205  241  279  317  354
    10.0-180.0 180.0   5.0 450.0                            LAT/LON1/LON2/DLON/H
  368  406  444  484  527  576  627  677  719  756  789  822  855  883  902  909
  906  890  860  818  779  760  769  797  821  823  802  769  733  698  662  627
  597  570  540  502  462  433  420  416  403  370  324  281  253  245  250  259
  264  261  251  239  225  209  188  166  148  140  142  151  158  160  155  147
  142  145  160  186  220  257  293  330  368
     7.5-180.0 180.0   5.0 450.0                            LAT/LON1/LON2/DLON/H
  378  417  457  497  541  590  641  689  729  764  795  830  869  906  936  957
  966  962  940  902  862  836  834  847  852  834  797  755  720  689  655  618
  583  554  528  499  470  448  439  435  421  392  352  317  296  288  288  286
  279  268  255  240  225  207  187  168  154  147  148  153  159  161  157  150
  144  147  164  194  231  269  305  341  378
     5.0-180.0 180.0   5.0 450.0                            LAT/LON1/LON2/DLON/H
  385  425  466  507  552  599  648  692  729  758  786  819  859  901  940  971
  992 1000  989  960  922  891  876  871  856  822  776  734  705  683  653  614
  574  542  519  498  478  461  453  447  434  410  381  358  346  339  330  314
  292  271  254  238  222  205  188  174  164  159  157  157  159  161  159  153
  147  150  168  200  239  278  313  348  385
     2.5-180.0 180.0   5.0 450.0                            LAT/LON1/LON2/DLON/H
  388  428  470  514  559  606  652  693  724  746  767  794  830  873  915  952
  980  998 1000  981  949  915  890  869  840  797  750  716  699  687  662  621
  574  537  515  499  484  469  459  451  440  423  407  398  396  390  371  339
  302  271  249  234  219  203  190  182  177  174  169  164  162  162  161  156
  151  153  171  205  245  283  318  351  388
