data/COD0OPSFIN_20260380000_01D_01H_GIM.INX
     1.0            IONOSPHERE MAPS     GNSS                IONEX VERSION / TYPE
ADDNEQ2 V5.5        AIUB                11-FEB-26 19:02     PGM / RUN BY / DATE 
CODE'S GLOBAL IONOSPHERE MAPS FOR DAY 038, 2026             COMMENT             
Global ionosphere maps (GIM) are generated on a daily basis DESCRIPTION         
at CODE using data from about 300 GNSS sites of the IGS and DESCRIPTION         
other institutions. The vertical total electron content     DESCRIPTION         
(VTEC) is modeled in a solar-geomagnetic reference frame    DESCRIPTION         
using a spherical harmonics expansion up to degree and      DESCRIPTION         
order 15. Piece-wise linear functions are used for          DESCRIPTION         
representation in the time domain. The time spacing of      DESCRIPTION         
their vertices is 1 hour, conforming with the epochs of the DESCRIPTION         
VTEC maps.                                                  DESCRIPTION         
To convert line-of-sight TEC into vertical TEC, a modified  DESCRIPTION         
single-layer model mapping function approximating the JPL   DESCRIPTION         
extended slab model mapping function is adopted. The        DESCRIPTION         
mapping function is evaluated at geodetic satellite         DESCRIPTION         
elevation angles. For the computation of the ionospheric    DESCRIPTION         
pierce points, a spherical layer with a radius of 6821 km   DESCRIPTION         
is assumed, implying geocentric, not geodetic IONEX         DESCRIPTION         
latitudes.                                                  DESCRIPTION         
Instrumental biases with respect to each involved GNSS code DESCRIPTION         
observable are estimated as constant values for each        DESCRIPTION         
day. They are modeled with one set of bias parameters for   DESCRIPTION         
each satellite and each station in case of GPS and for each DESCRIPTION         
satellite-station link in case of GLONASS. The code bias    DESCRIPTION         
datum is defined by zero-mean conditions imposed on the     DESCRIPTION         
satellite bias estimates. In this file, just GPS C1W-C2W    DESCRIPTION         
satellite and station bias values are included. The         DESCRIPTION         
complete set of GNSS code bias results is provided in an    DESCRIPTION         
additional Bias-SINEX file as pseudo-absolute values        DESCRIPTION         
specific to each observable.                                DESCRIPTION         
Note: These GIM results correspond to the results for the   DESCRIPTION         
middle day of a 3-day combination analysis solving for 73   DESCRIPTION         
times 256, or 18688 VTEC parameters and 3 daily sets of     DESCRIPTION         
GNSS code bias parameters.                                  DESCRIPTION         
Contact address: code(at)aiub.unibe.ch                      DESCRIPTION         
Data archive:    ftp.aiub.unibe.ch/CODE/                    DESCRIPTION         
                 www.aiub.unibe.ch/download/CODE/           DESCRIPTION         
  2026     2     7     0     0     0                        EPOCH OF FIRST MAP  
  2026     2     8     0     0     0                        EPOCH OF LAST MAP   
  3600                                                      INTERVAL            
[...]
bako barh bjfs bndy boav bogo bogt bor1 braz brst brux bshm COMMENT             
cags cas1 ccj2 cedu chpg chpi chti chur ckis coco cord cpvg COMMENT             
cpxf cro1 daej darw dav1 dgar drao dubo ebre faa1 fair flin COMMENT             
flrs frdn func ganp glps gode gol2 gold gope gras graz guam COMMENT             
guug harb hers hert hlfx hnpt hob2 hofn holb holm iddr ieng COMMENT             
iisc impz ineg invk iqal irkj jog2 joz2 joze karr kerg kir0 COMMENT             
kiri kiru kit3 kouc koug kour krgg lama laut lmmf lpal lpgs COMMENT             
m0se mac1 madr mal2 mas1 mat1 mate maui maw1 mcil mcm4 mdo1 COMMENT             
medi mgue mizu mkea mnls mobs monp morp mqzg mro1 mtka nano COMMENT             
naur nico nist nium nklg nlib nnor not1 nrc1 nrmd ntus nya1 COMMENT             
nyal onsa ous2 parc park pdel penc pert pie1 pimo pohn pol2 COMMENT             
pots pove ptag ptbb ptvl qaq1 quin ramo rbay reso reun reyk COMMENT             
rgdg rio2 roth salu samo sant sch2 scor scrz sctb seyg sfer COMMENT             
smst sofi spt0 ssia sthl stjo stk2 str2 suth sutm suwn sydn COMMENT             
syog tash thtg thti thu2 tid1 tidb tlse tong tow2 tro1 tskb COMMENT             
tuva twtf txes uclu ufpr ulab unb3 unbj unsa urum usn7 usud COMMENT             
vald vill voim vtsp wab2 wark wgtn whit will wind wsrt wtzr COMMENT             
wtzs wtzz wuhn xmis yar2 yar3 yarr yell ykro zamb zeck zim2 COMMENT             
zim3 zimm                                                   COMMENT             
                                                            END OF HEADER       
[from data line 8151]
    20                                                      START OF TEC MAP    
  2026     2     7    19     0     0                        EPOCH OF CURRENT MAP
    87.5-180.0 180.0   5.0 450.0                            LAT/LON1/LON2/DLON/H
  173  174  174  175  177  178  179  180  181  183  184  186  187  188  190  191
  192  194  195  196  197  197  198  198  199  199  199  199  198  198  197  197
  196  195  194  192  191  190  189  187  186  185  184  182  181  180  179  178
  177  176  175  174  174  173  172  172  171  171  170  170  170  170  169  169
  169  170  170  170  170  171  171  172  173
    85.0-180.0 180.0   5.0 450.0                            LAT/LON1/LON2/DLON/H
  150  151  152  153  155  156  158  161  163  166  168  171  174  177  180  183
  186  188  191  193  195  197  198  199  200  201  201  201  200  199  198  197
  195  193  190  188  185  183  180  177  175  173  170  168  167  165  163  162
  161  160  159  158  157  156  155  154  153  152  151  151  150  149  149  148
  148  147  147  147  147  148  148  149  150
    82.5-180.0 180.0   5.0 450.0                            LAT/LON1/LON2/DLON/H
  123  123  124  125  126  128  130  133  136  139  143  147  151  155  160  164
  168  172  175  179  182  184  187  189  190  192  192  193  192  192  190  188
  186  183  180  176  172  169  165  161  158  155  153  151  149  148  147  146
  145  145  144  143  143  141  140  139  137  135  134  132  131  129  128  127
  126  125  124  124  123  123  123  123  123
    80.0-180.0 180.0   5.0 450.0                            LAT/LON1/LON2/DLON/H
   99   98   97   97   97   98  100  102  105  109  114  119  124  129  135  140
  145  149  153  156  160  163  165  168  170  172  174  175  176  176  175  174
  172  169  165  161  156  152  147  144  140  138  136  134  134  134  135  135
  136  136  136  136  135  133  131  128  125  122  119  116  113  111  109  108
  106  105  104  104  103  102  101  100   99
    77.5-180.0 180.0   5.0 450.0                            LAT/LON1/LON2/DLON/H
   83   81   78   76   74   74   74   76   78   83   88   94  100  107  113  119
  124  128  131  134  136  138  140  142  144  147  149  152  154  155  156  155
  154  151  148  144  139  135  131  127  125  123  123  123  125  127  129  132
  134  135  136  135  134  131  127  122  117  112  107  102   99   96   93   92
   91   91   91   90   90   89   87   86   83
    75.0-180.0 180.0   5.0 450.0                            LAT/LON1/LON2/DLON/H
   79   75   71   66   63   60   59   59   62   66   72   80   88   96  103  110
  115  118  120  120  119  118  117  117  118  120  122  125  128  131  133  134
  134  132  130  127  124  120  117  115  113  113  115  117  121  125  130  134
  138  140  141  139  136  131  125  117  109  102   95   89   85   82   80   80
   81   82   84   85   86   86   84   82   79
    72.5-180.0 180.0   5.0 450.0                            LAT/LON1/LON2/DLON/H
   85   80   74   69   63   59   56   56   58   63   71   80   91  101  111  119
  124  126  126  123  118  112  107  102   99   98   99  101  104  107  110  112
  113  113  112  110  109  107  105  105  105  107  110  115  120  127  133  139
  143  145  145  143  137  130  120  110  100   90   82   75   71   69   69   71
   74   78   82   86   89   90   90   88   85
    70.0-180.0 180.0   5.0 450.0                            LAT/LON1/LON2/DLON/H
   96   91   86   80   74   69   66   65   68   74   83   96  109  124  137  148
  154  156  154  147  137  125  113  103   94   88   85   84   85   87   89   91
   92   93   94   94   94   94   95   96   98  102  106  112  118  126  133  139
  143  145  144  139  132  122  110   98   86   75   66   60   57   56   59   63
   69   76   82   89   94   97   99   98   96
    67.5-180.0 180.0   5.0 450.0                            LAT/LON1/LON2/DLON/H
  105  103   99   95   91   87   85   85   89   96  108  123  141  160  177  192
  202  206  202  193  178  159  140  121  105   92   83   77   74   73   73   74
   75   76   77   79   81   83   85   88   91   95   99  105  111  118  125  130
  134  135  133  127  118  106   93   80   68   58   50   45   44   45   50   56
   64   73   82   90   97  102  105  106  105
    65.0-180.0 180.0   5.0 450.0                            LAT/LON1/LON2/DLON/H
  107  108  108  108  108  107  108  111  116  125  139  157  179  202  226  246
  260  267  265  253  234  210  182  156  131  110   94   83   75   70   66   64
   63   63   64   66   69   73   76   80   83   86   89   93   97  102  108  112
  114  114  111  104   95   83   71   59   48   40   35   33   34   37   42   50
   58   68   77   85   92   98  102  105  107
    62.5-180.0 180.0   5.0 450.0                            LAT/LON1/LON2/DLON/H
   97  102  108  114  120  126  132  138  146  158  173  193  217  245  273  298
  318  330  330  319  298  269  236  202  170  142  119  102   89   79   72   66
   62   59   59   60   63   66   70   72   74   75   76   77   78   81   83   86
   87   86   82   76   67   57   47   38   31   27   25   26   29   33   38   45
   52   60   67   74   80   85   89   93   97
    60.0-180.0 180.0   5.0 450.0                            LAT/LON1/LON2/DLON/H
   77   87   99  112  126  140  153  165  177  191  207  227  252  281  312  342
  367  383  387  379  358  327  290  252  215  182  155  133  116  102   91   81
   74   68   64   63   64   66   68   68   68   65   63   60   58   57   57   57
   57   56   53   48   42   35   29   24   21   21   23   27   30   34   38   42
   46   51   55   59   61   63   66   70   77
    57.5-180.0 180.0   5.0 450.0                            LAT/LON1/LON2/DLON/H
   51   65   83  104  127  150  171  190  207  223  239  258  281  308  339  371
  400  420  429  423  405  375  338  299  260  226  197  173  154  138  124  111
   99   89   81   77   74   74   73   70   66   61   54   48   43   39   36   34
   33   32   30   28   25   22   20   19   21   25   30   35   39   41   42   42
   43   43   43   43   42   40   40   43   51
    55.0-180.0 180.0   5.0 450.0                            LAT/LON1/LON2/DLON/H
   28   43   66   95  126  157  187  214  236  255  271  287  305  328  355  386
  415  438  450  448  434  408  374  338  301  268  240  217  198  182  166  150
  134  120  107   99   93   88   84   79   72   63   54   45   37   30   25   21
   20   19   20   20   21   21   23   26   31   37   44   50   52   52   49   46
   42   39   35   31   27   22   18   20   28
    52.5-180.0 180.0   5.0 450.0                            LAT/LON1/LON2/DLON/H
   14   30   56   89  126  165  202  236  265  286  302  314  327  343  364  389
  416  438  452  455  445  424  397  366  334  306  282  261  244  227  210  192
  173  154  138  125  115  108  101   93   84   73   62   52   43   34   28   23
   21   21   23   26   29   32   36   41   47   55   62   67   68   65   59   52
   45   39   34   28   21   14    8    7   14
    50.0-180.0 180.0   5.0 450.0                            LAT/LON1/LON2/DLON/H
   15   31   57   91  132  175  218  258  292  318  334  343  349  357  370  388
  409  430  444  449  443  429  408  384  359  336  316  299  283  267  249  229
  207  185  165  149  137  128  119  110  100   89   79   69   59   51   43   37
   35   35   38   43   48   52   55   60   66   73   79   83   82   77   69   60
   52   46   40   35   27   19   11    9   15
    47.5-180.0 180.0   5.0 450.0                            LAT/LON1/LON2/DLON/H
   31   46   70  104  144  188  234  279  318  347  365  373  374  374  378  389
  404  420  433  439  438  429  414  396  377  359  342  326  310  293  274  251
  228  204  183  166  153  144  135  127  117  108   99   91   83   75   67   60
   57   57   60   65   70   73   75   77   81   86   91   93   91   85   77   68
   60   56   52   49   43   36   29   26   31
    45.0-180.0 180.0   5.0 450.0                            LAT/LON1/LON2/DLON/H
   59   72   95  125  162  204  250  296  339  372  393  401  400  395  393  397
  406  417  428  435  436  431  420  405  389  373  357  340  322  302  280  257
  232  209  188  172  161  154  147  140  133  126  120  115  109  102   94   86
   82   81   83   86   89   89   89   89   90   92   95   97   95   89   82   75
   69   67   67   66   64   59   55   54   59
    42.5-180.0 180.0   5.0 450.0                            LAT/LON1/LON2/DLON/H
   91  105  125  151  183  221  263  309  353  390  415  425  425  419  413  413
  417  426  435  442  444  440  429  415  398  380  362  342  320  296  271  246
  222  201  183  171  163  158  153  149  144  140  137  135  132  126  118  109
  103  100   99  100  100   98   94   91   90   90   92   94   93   89   84   80
   77   78   80   82   83   83   82   84   91
    40.0-180.0 180.0   5.0 450.0                            LAT/LON1/LON2/DLON/H
  121  136  155  178  205  236  273  316  360  399  427  442  445  442  437  435
  438  445  454  461  463  457  443  425  404  382  359  334  307  279  251  226
  205  188  176  168  163  160  158  154  151  150  150  151  149  144  135  126
  117  111  107  104  101   96   91   86   84   83   85   87   88   87   85   83
   83   85   88   92   95   99  103  110  121
    37.5-180.0 180.0   5.0 450.0                            LAT/LON1/LON2/DLON/H
  142  160  180  201  224  250  281  318  359  399  431  451  460  461  459  459
  462  470  480  487  488  478  460  435  408  381  353  325  294  263  235  211
  194  183  175  171  169  166  164  160  158  158  160  162  161  156  146  135
  124  115  108  101   95   88   83   78   76   75   77   80   82   84   85   86
   87   89   91   94   98  105  114  126  142
    35.0-180.0 180.0   5.0 450.0                            LAT/LON1/LON2/DLON/H
  152  175  198  220  241  262  288  319  356  394  427  452  467  474  477  479
  485  495  506  514  513  499  474  442  410  380  351  322  291  260  233  214
  202  196  193  190  187  182  176  171  167  168  170  172  171  163  152  139
  126  115  104   95   86   80   75   72   71   72   74   77   80   83   85   87
   89   89   89   89   92  100  112  130  152
    32.5-180.0 180.0   5.0 450.0                            LAT/LON1/LON2/DLON/H
  153  182  210  235  256  275  296  322  353  388  422  450  470  483  489  494
  501  512  525  533  529  512  481  446  412  383  358  333  306  280  259  245
  239  237  235  230  221  210  199  189  184  183  185  185  181  170  156  142
  127  114  101   90   81   76   74   74   75   76   78   80   82   85   88   89
   90   88   84   81   81   88  103  125  153
    30.0-180.0 180.0   5.0 450.0                            LAT/LON1/LON2/DLON/H
  150  185  218  247  271  291  309  330  356  387  419  449  473  489  497  503
  510  521  533  540  534  514  482  447  418  396  380  364  346  328  314  307
  306  305  301  289  272  251  231  216  208  206  206  203  194  180  163  146
  131  118  105   93   85   82   83   87   89   90   90   90   90   91   92   92
   91   87   80   73   69   74   91  117  150
    27.5-180.0 180.0   5.0 450.0                            LAT/LON1/LON2/DLON/H
  148  188  227  261  289  311  329  347  368  395  426  456  481  498  506  511
  515  523  533  536  528  506  477  449  431  422  420  417  411  403  397  396
  397  394  382  361  332  300  271  250  239  236  234  227  213  193  172  155
  141  128  116  106  100  100  104  109  112  111  108  105  101   99   97   96
   93   88   80   69   63   66   82  111  148
    25.0-180.0 180.0   5.0 450.0                            LAT/LON1/LON2/DLON/H
  153  196  239  278  311  336  355  371  390  414  443  473  499  515  522  523
  523  526  530  528  516  495  473  458  456  465  477  488  493  495  497  499
  498  489  468  434  392  349  312  287  275  270  266  254  234  208  185  167
  155  146  136  128  125  127  132  137  138  135  128  121  114  108  104  100
   97   92   83   72   64   65   82  112  153
    22.5-180.0 180.0   5.0 450.0                            LAT/LON1/LON2/DLON/H
  164  210  256  298  335  364  385  402  420  444  473  503  528  543  548  546
  542  539  536  526  510  491  478  480  496  522  548  568  582  590  596  598
  593  575  542  497  443  391  348  321  309  305  298  281  255  224  199  183
  174  168  162  157  156  159  163  166  163  156  146  136  126  117  110  105
  102   98   91   81   72   73   90  122  164
    20.0-180.0 180.0   5.0 450.0                            LAT/LON1/LON2/DLON/H
  182  230  277  321  360  391  415  435  455  480  511  542  568  584  588  585
  579  571  559  542  520  503  501  519  552  590  623  647  663  673  680  679
  666  638  595  539  478  421  376  349  338  333  325  304  272  239  214  201
  195  193  190  188  188  190  191  189  182  170  158  146  135  125  116  110
  107  105  101   94   86   88  105  138  182
    17.5-180.0 180.0   5.0 450.0                            LAT/LON1/LON2/DLON/H
  203  251  298  342  382  416  442  465  489  519  553  587  615  633  640  640
  635  625  607  581  554  537  544  575  619  663  694  713  725  733  736  729
  709  672  621  559  496  437  393  368  358  354  343  318  284  251  229  220
  218  218  218  217  217  216  212  203  191  176  162  151  140  131  122  115
  113  113  112  107  102  105  124  158  203
    15.0-180.0 180.0   5.0 450.0                            LAT/LON1/LON2/DLON/H
  222  270  316  360  400  434  464  490  519  554  593  631  663  685  699  706
  707  699  679  646  613  596  607  644  691  730  751  758  760  762  760  748
  721  677  622  560  499  443  402  379  371  366  352  326  292  262  245  240
  241  243  242  241  238  233  223  208  192  175  161  151  143  136  128  121
  119  120  121  119  116  121  141  176  222
    12.5-180.0 180.0   5.0 450.0                            LAT/LON1/LON2/DLON/H
  236  283  329  372  411  447  478  508  543  583  627  669  705  734  756  774
  786  785  766  730  692  672  682  717  758  783  787  777  768  763  757  742
  709  663  608  551  495  445  407  386  377  371  355  328  297  274  265  265
  267  266  263  258  252  242  226  207  187  171  158  150  145  140  134  129
  126  126  128  127  127  133  154  190  236
    10.0-180.0 180.0   5.0 450.0                            LAT/LON1/LON2/DLON/H
  244  290  335  377  417  453  486  520  559  604  652  698  737  772  803  833
  858  867  854  820  779  754  758  783  809  816  799  773  754  745  738  721
  688  642  592  541  493  448  414  392  382  372  356  330  306  292  291  295
  295  289  280  270  260  245  225  203  184  168  158  152  149  146  142  137
  133  132  133  133  133  141  163  199  244
     7.5-180.0 180.0   5.0 450.0                            LAT/LON1/LON2/DLON/H
  247  292  335  378  419  457  492  528  570  619  669  715  757  794  833  874
  910  932  928  899  859  829  822  832  839  825  791  753  729  720  715  700
  669  627  583  540  498  458  424  400  387  375  358  336  320  317  323  329
  325  311  294  279  264  246  224  202  185  172  163  158  155  154  152  147
  142  139  137  136  137  146  168  204  247
     5.0-180.0 180.0   5.0 450.0                            LAT/LON1/LON2/DLON/H
  247  289  332  376  419  460  498  536  580  629  679  724  763  801  842  889
  934  965  972  952  916  883  865  858  845  814  769  727  704  700  700  689
  661  624  586  550  512  474  438  411  394  380  364  348  341  348  361  366
  355  331  305  284  267  248  226  207  193  184  176  170  165  164  162  157
  151  146  142  140  141  150  173  207  247
     2.5-180.0 180.0   5.0 450.0                            LAT/LON1/LON2/DLON/H
  247  286  328  374  421  466  506  546  590  638  685  726  761  794  833  878
  926  964  980  971  942  908  880  858  831  790  743  705  690  694  699  692
  667  633  599  567  531  491  453  423  403  389  375  365  367  381  398  400
  379  345  311  286  268  250  231  216  207  202  195  186  178  174  171  167
  160  153  147  144  146  156  178  209  247
